128 132
158 17
140 1 10 72 80 70 40 69 80 70 20 72 20 74 80 72 40 72 20 70 20 70 40
140 2 10 70 80 69 40 67 80 69 20 70 20 72 80 70 40 70 20 69 20 69 40
140 3 9 71 80 72 40 74 80 76 40 77 20 76 20 74 40 71 40 72 80
141 1
155 71
141 2
155 71
141 3
155 71
131
136 0




128 132
158 17
140 1 12 79 20 74 10 75 10 77 40 75 10 74 10 72 20 72 10 75 10 79 20 77 10 75 10
141 1


128 132 
137 1 44 128 0 156 1 144 137 1 44 0 1 157
0 90


128 132
158 17 
152 7 158 251 137 100 0 327 68 153


128 132
158 17 
152 18 158 5 158 251 137 0 0 0 0 158 5 158 251 137 0 100 327 68 
153


128 132
158 17 
152 15 158 251 137 0 0 0 0 158 5 137 0 100 327 68 153 
153



128 132
158 17 
152 15 158 9 137 0 100 2 8 158 247 137 0 100 200 255 153 
153


128 132
158 17 
152 15 158 9 137 0 100 1 8 158 247 137 0 130 200 255 153 
153

128 132
158 17
140 1 12 79 20 74 10 75 10 77 20 75 10 74 10 72 20 72 10 75 10 79 20 77 10 75 10
140 2 8 74 30 75 10 77 20 79 20 75 20 72 20 72 20 130 20 
141 1
155 25
141 2
155 25
141 1
155 25
141 2
155 30 
152 15 158 9 137 0 100 1 8 158 247 137 0 130 200 255 153 
153s